======================================================================
UCI HEART DISEASE DATASET - SUMMARY STATISTICS
======================================================================

COMBINED DATASET (All 4 Institutions)
----------------------------------------------------------------------
Total Records: 920
Features: 16

Target Distribution:
target
1    509
0    411

Source Distribution:
source
cleveland      303
hungarian      294
va             200
switzerland    123


Descriptive Statistics:
----------------------------------------------------------------------
              age         sex          cp    trestbps        chol         fbs     restecg     thalach       exang     oldpeak       slope          ca        thal         num      target
count  920.000000  920.000000  920.000000  920.000000  920.000000  920.000000  920.000000  920.000000  920.000000  920.000000  920.000000  920.000000  920.000000  920.000000  920.000000
mean    53.510870    0.789130    3.250000  131.995652  199.908696    0.150000    0.603261  137.692391    0.366304    0.853261    1.847826    0.227174    5.569565    0.995652    0.553261
std      9.424685    0.408148    0.930969   18.451300  109.040171    0.357266    0.805443   25.145235    0.482056    1.058049    0.516007    0.628936    1.393888    1.142693    0.497426
min     28.000000    0.000000    1.000000    0.000000    0.000000    0.000000    0.000000   60.000000    0.000000   -2.600000    1.000000    0.000000    3.000000    0.000000    0.000000
25%     47.000000    1.000000    3.000000  120.000000  177.750000    0.000000    0.000000  120.000000    0.000000    0.000000    2.000000    0.000000    6.000000    0.000000    0.000000
50%     54.000000    1.000000    4.000000  130.000000  223.000000    0.000000    0.000000  140.000000    0.000000    0.500000    2.000000    0.000000    6.000000    1.000000    1.000000
75%     60.000000    1.000000    4.000000  140.000000  267.000000    0.000000    1.000000  156.000000    1.000000    1.500000    2.000000    0.000000    6.000000    2.000000    1.000000
max     77.000000    1.000000    4.000000  200.000000  603.000000    1.000000    2.000000  202.000000    1.000000    6.200000    3.000000    3.000000    7.000000    4.000000    1.000000


======================================================================
CLEVELAND DATASET (Most Commonly Used)
----------------------------------------------------------------------
Total Records: 303
Features: 16

Target Distribution:
target
0    164
1    139


Descriptive Statistics:
----------------------------------------------------------------------
              age         sex          cp    trestbps        chol         fbs     restecg     thalach       exang     oldpeak       slope          ca        thal         num      target
count  303.000000  303.000000  303.000000  303.000000  303.000000  303.000000  303.000000  303.000000  303.000000  303.000000  303.000000  303.000000  303.000000  303.000000  303.000000
mean    54.438944    0.679868    3.158416  131.689769  246.693069    0.148515    0.990099  149.607261    0.326733    1.039604    1.600660    0.663366    4.742574    0.937294    0.458746
std      9.038662    0.467299    0.960126   17.599748   51.776918    0.356198    0.994971   22.875003    0.469794    1.161075    0.616226    0.934375    1.935996    1.228536    0.499120
min     29.000000    0.000000    1.000000   94.000000  126.000000    0.000000    0.000000   71.000000    0.000000    0.000000    1.000000    0.000000    3.000000    0.000000    0.000000
25%     48.000000    0.000000    3.000000  120.000000  211.000000    0.000000    0.000000  133.500000    0.000000    0.000000    1.000000    0.000000    3.000000    0.000000    0.000000
50%     56.000000    1.000000    3.000000  130.000000  241.000000    0.000000    1.000000  153.000000    0.000000    0.800000    2.000000    0.000000    3.000000    0.000000    0.000000
75%     61.000000    1.000000    4.000000  140.000000  275.000000    0.000000    2.000000  166.000000    1.000000    1.600000    2.000000    1.000000    7.000000    2.000000    1.000000
max     77.000000    1.000000    4.000000  200.000000  564.000000    1.000000    2.000000  202.000000    1.000000    6.200000    3.000000    3.000000    7.000000    4.000000    1.000000
